,relevant_fixdur,redundant_fixdur,relevant_fixnum,redundant_fixnum,experience
0,345.2393162393162,328.18518518518516,117.0,108.0,1
1,257.85714285714283,299.89130434782606,98.0,46.0,1
2,282.88421052631577,210.0,95.0,24.0,1
3,254.0340909090909,197.06,88.0,50.0,2
4,255.01869158878506,216.30769230769232,107.0,13.0,2
5,287.51724137931035,204.3125,58.0,16.0,2
6,287.6545454545454,197.0,55.0,17.0,2
7,295.9130434782609,280.0,69.0,32.0,2
8,251.9795918367347,232.35416666666666,98.0,48.0,2
9,216.78947368421052,270.4074074074074,38.0,27.0,2
10,289.80281690140845,262.9310344827586,71.0,58.0,2
11,281.1666666666667,293.4583333333333,96.0,24.0,2
12,305.2957746478873,237.3125,71.0,16.0,1
13,287.60227272727275,194.96,88.0,25.0,1
14,225.7058823529412,175.25,68.0,12.0,1
15,279.8205128205128,246.41935483870967,78.0,31.0,1
16,301.9848484848485,270.7857142857143,66.0,28.0,1
17,286.9240506329114,323.85185185185185,79.0,27.0,1
